1	94
2	58
3	57
4	47
5	53
6	62
7	62
8	54
9	58
10	37
11	74
12	56
13	64
14	48
15	52
16	51
17	64
18	46
19	70
20	42
21	52
22	58
23	54
24	58
25	54
26	59
27	64
28	55
29	50
30	59
31	52
32	153
33	108
34	153
35	146
36	104
37	153
38	156
39	98
40	147
41	75
42	52
43	50
44	49
45	61
46	47
47	45
48	53
49	63
50	53
51	47
52	69
53	54
54	50
55	58
56	48
57	53
58	63
59	45
60	50
61	57
62	56
63	64
64	51
65	53
66	64
67	47
68	58
69	123
70	63
71	90
72	104
73	130
74	157
75	102
76	151
77	140
78	107
79	131
80	142
81	102
82	146
83	149
84	98
85	147
86	159
87	101
88	143
89	155
90	99
91	136
92	127
93	99
94	128
95	151
96	186
97	155
98	158
99	107
100	156
101	45
102	64
103	58
104	58
105	53
106	56
107	63
108	57
109	40
110	69
111	54
112	49
113	42
114	60
115	53
116	41
117	55
118	58
119	44
120	43
121	61
122	53
123	59
124	66
125	48
126	59
127	48
128	66
129	44
130	55
131	58
132	49
133	54
134	53
135	53
136	45
137	58
138	58
139	62
140	57
141	63
142	64
143	53
144	52
145	45
146	58
147	62
148	43
149	50
150	49
151	44
152	58
153	56
154	47
155	64
156	45
157	65
158	58
159	53
160	64
161	52
162	156
163	107
164	87
165	155
166	100
167	154
168	118
169	101
170	158
171	158
172	111
173	141
174	155
175	104
176	143
177	146
178	106
179	139
180	134
181	58
182	37
183	57
184	48
185	55
186	58
187	49
188	66
189	45
190	62
191	50
192	60
193	62
194	52
195	54
196	59
197	50
198	58
199	44
200	47
